0.5166666666666667
0.5166666666666667
0.8166666666666667
0.5666666666666667
0.85
0.9666666666666667
0.7833333333333333
0.9
0.7166666666666667
0.95
0.8833333333333333
0.9
0.9333333333333333
0.6666666666666666
0.5
0.8666666666666667
0.5333333333333333
0.95
0.6
0.6666666666666666
0.9166666666666666
1.0
0.6833333333333333
0.7166666666666667
0.9833333333333333
0.5166666666666667
0.55
0.6666666666666666
0.5166666666666667
0.6666666666666666
0.8
0.9333333333333333
0.6
0.6666666666666666
0.8
0.5166666666666667
0.5333333333333333
1.0
0.7
0.7
0.6333333333333333
0.6666666666666666
0.7
0.95
0.95
0.8666666666666667
0.7666666666666667
0.65
0.7333333333333333
0.5
