Raw:
0.02136117 0.97119636 0.98538044 0.02540178

Rounded:
0 1 1 0
---------------------break---------------------
Raw:
0.00941063 0.96747909 0.96706599 0.03908075

Rounded:
0 1 1 0
---------------------break---------------------
Raw:
0.01879677 0.98450447 0.97437451 0.02280588

Rounded:
0 1 1 0
---------------------break---------------------
Raw:
0.00924505 0.96929365 0.96749469 0.03711135

Rounded:
0 1 1 0
---------------------break---------------------
Raw:
0.01783658 0.97386217 0.98447483 0.02354447

Rounded:
0 1 1 0
---------------------break---------------------
Raw:
0.01783658 0.97386217 0.98447483 0.02354447

Rounded:
0 1 1 0
---------------------break---------------------
Raw:
0.01783658 0.97386217 0.98447483 0.02354447

Rounded:
0 1 1 0
---------------------break---------------------
Raw:
0.00971385 0.96796571 0.96824334 0.03750167

Rounded:
0 1 1 0
---------------------break---------------------
