0.8666666666666667
0.9083333333333333
0.8416666666666667
0.9583333333333334
0.8583333333333333
0.825
0.95
0.8
0.8916666666666667
0.8083333333333333
0.7583333333333333
0.7916666666666666
0.9583333333333334
0.8166666666666667
0.9
0.9166666666666666
0.7916666666666666
0.8666666666666667
0.7583333333333333
0.9916666666666667
0.9916666666666667
0.8416666666666667
0.7833333333333333
0.7666666666666667
0.9916666666666667
0.9416666666666667
0.8416666666666667
0.9583333333333334
0.9166666666666666
0.8833333333333333
0.9416666666666667
0.8583333333333333
0.8
0.8916666666666667
0.85
0.925
0.85
0.975
0.95
0.7583333333333333
0.95
0.9
0.875
0.9333333333333333
0.7833333333333333
0.95
0.9
0.85
0.975
0.8
