0.27638
0.18384
0.6372599999999999
0.19684000000000001
0.29218
0.49566000000000004
0.15774000000000002
0.42932
0.27974
0.1417
0.25606
0.49356
0.50004
0.10598
0.108
0.27472
0.18536000000000002
0.77222
0.09398000000000001
0.31492000000000003
0.6748
0.72468
0.1667
0.11548
0.39202
0.1692
0.08806
0.24368
0.11654
0.35481999999999997
0.15196
0.45833999999999997
0.37142000000000003
0.23022
0.24719999999999998
0.20136
0.12819999999999998
0.63824
0.32224
0.10478
0.13138
0.21922
0.52758
0.55944
0.24334
0.74834
0.27688
0.27352
0.38776
0.162
